# accordionFoldDoors.obj Produced by Art of Illusion 2.6, Thu Jan 08 20:20:29 EST 2009
#
# Created by Pencilart
#
# Updated panes size by Emmanuel Puybaret / eTeks
#
# 2019 Sean Bradley rescaled for optimisation in HomeIdea3D http://homeidea3d.seanwasere.com
#
# This file is distributed under Free Art License, see http://artlibre.org/licence/lal/en for more informations
# and under CC-BY Creative Commons Attribution 3.0 Unported license, see http://creativecommons.org/licenses/by/3.0/
# at your choice
#
mtllib accordionFoldDoors.mtl
o Cube_3_2
v 44.329376 119.775742 -63.824448
v 45.955963 119.775742 -67.954163
v 47.443489 119.775742 -64.982887
v 48.931015 119.775742 -62.012238
v 50.557602 119.775742 -66.141945
v 46.629883 13.852459 -62.918427
v 48.931015 -92.070816 -62.012337
v 44.329376 -92.070816 -63.824554
v 45.142357 13.852459 -65.889702
v 45.955963 -92.070816 -67.954262
v 48.256470 13.852460 -67.048134
v 50.557602 -92.070816 -66.142044
v 47.443489 -92.070816 -64.982986
v 49.743996 13.852459 -64.076859
vn 0.0000 1.0000 0.0000
vn -0.3664 0.0000 0.9304
vn -0.9304 0.0000 -0.3665
vn 0.3664 -0.0000 -0.9304
vn 0.0000 -1.0000 0.0000
vn 0.9304 -0.0000 0.3665
usemtl white
s 1
f 1//1 3//1 2//1
f 4//1 3//1 1//1
f 5//1 3//1 4//1
f 2//1 3//1 5//1
f 1//2 6//2 4//2
f 4//2 6//2 7//2
f 7//2 6//2 8//2
f 8//2 6//2 1//2
f 2//3 9//3 1//3
f 1//3 9//3 8//3
f 8//3 9//3 10//3
f 10//3 9//3 2//3
f 5//4 11//4 2//4
f 2//4 11//4 10//4
f 10//4 11//4 12//4
f 12//4 11//4 5//4
f 10//5 13//5 8//5
f 8//5 13//5 7//5
f 7//5 13//5 12//5
f 12//5 13//5 10//5
f 4//6 14//6 5//6
f 5//6 14//6 12//6
f 12//6 14//6 7//6
f 7//6 14//6 4//6
o Cube_4
v 70.456970 -33.663597 -103.859802
v 126.882904 -33.663681 11.831812
v 96.447144 -33.663673 -44.930130
v 66.011383 -33.663597 -101.691444
v 122.437943 -33.663681 13.999547
v 68.233864 -36.136517 -102.775627
v 66.011383 -38.609432 -101.691444
v 70.456970 -38.609432 -103.859802
v 98.670242 -36.136589 -46.014313
v 126.882904 -38.609516 11.831811
v 124.660416 -36.136600 12.915994
v 122.437943 -38.609516 13.999546
v 96.447144 -38.609509 -44.930130
v 94.224655 -36.136593 -43.845947
vn 0.0000 1.0000 0.0000
vn -0.4384 0.0000 -0.8988
vn 0.8988 0.0000 -0.4384
vn 0.4383 0.0001 0.8988
vn 0.4383 0.0000 0.8988
vn 0.4384 0.0001 0.8988
vn 0.4384 -0.0001 0.8988
vn 0.4383 -0.0001 0.8988
vn 0.0000 -1.0000 -0.0000
vn -0.8988 0.0000 0.4384
usemtl white
s 1
f 15//7 17//7 16//7
f 18//7 17//7 15//7
f 19//7 17//7 18//7
f 16//7 17//7 19//7
f 15//8 20//8 18//8
f 18//8 20//8 21//8
f 21//8 20//8 22//8
f 22//8 20//8 15//8
f 16//9 23//9 15//9
f 15//9 23//9 22//9
f 22//9 23//9 24//9
f 24//9 23//9 16//9
f 19//10 25//11 16//12
f 16//12 25//11 24//13
f 24//13 25//11 26//14
f 26//14 25//11 19//10
f 24//15 27//15 22//15
f 22//15 27//15 21//15
f 21//15 27//15 26//15
f 26//15 27//15 24//15
f 18//16 28//16 19//16
f 19//16 28//16 26//16
f 26//16 28//16 21//16
f 21//16 28//16 18//16
o Cube_4_4
v 70.534363 124.490021 -105.138405
v 127.782715 124.490005 12.237699
v 96.935425 124.490005 -45.366173
v 66.088783 124.490021 -102.970665
v 123.337128 124.490005 14.406063
v 68.311264 121.399200 -104.054214
v 66.088783 118.307724 -102.970665
v 70.534363 118.307724 -105.138405
v 99.158539 121.399185 -46.450348
v 127.782715 118.307709 12.237698
v 125.559601 121.399170 13.321880
v 123.337128 118.307709 14.406061
v 96.935425 118.307709 -45.366173
v 94.712952 121.399185 -44.282616
vn 0.0000 1.0000 0.0000
vn -0.4383 -0.0000 -0.8988
vn 0.8988 -0.0000 -0.4384
vn 0.4384 -0.0000 0.8988
vn 0.0000 -1.0000 -0.0000
vn -0.8988 -0.0000 0.4384
usemtl white
s 1
f 29//17 31//17 30//17
f 32//17 31//17 29//17
f 33//17 31//17 32//17
f 30//17 31//17 33//17
f 29//18 34//18 32//18
f 32//18 34//18 35//18
f 35//18 34//18 36//18
f 36//18 34//18 29//18
f 30//19 37//19 29//19
f 29//19 37//19 36//19
f 36//19 37//19 38//19
f 38//19 37//19 30//19
f 33//20 39//20 30//20
f 30//20 39//20 38//20
f 38//20 39//20 40//20
f 40//20 39//20 33//20
f 38//21 41//21 36//21
f 36//21 41//21 35//21
f 35//21 41//21 40//21
f 40//21 41//21 38//21
f 32//22 42//22 33//22
f 33//22 42//22 40//22
f 40//22 42//22 35//22
f 35//22 42//22 32//22
o Cube_3_3
v 27.511400 121.424347 -24.817358
v 29.281456 121.424347 -28.887918
v 30.664528 121.424347 -25.866304
v 32.047600 121.424347 -22.845320
v 33.817024 121.424347 -26.915876
v 29.779184 15.501063 -23.831354
v 32.047600 -90.422226 -22.845415
v 27.511400 -90.422226 -24.817457
v 28.396742 15.501064 -26.852339
v 29.281456 -90.422226 -28.888018
v 31.549240 15.501064 -27.901915
v 33.817024 -90.422226 -26.915976
v 30.664528 -90.422226 -25.866404
v 32.932312 15.501063 -24.880297
vn 0.0000 1.0000 0.0000
vn -0.3987 0.0000 0.9171
vn -0.9171 -0.0000 -0.3988
vn -0.9170 0.0000 -0.3988
vn 0.3987 0.0000 -0.9171
vn 0.0000 -1.0000 0.0000
vn 0.9171 0.0000 0.3987
usemtl white
s 1
f 43//23 45//23 44//23
f 46//23 45//23 43//23
f 47//23 45//23 46//23
f 44//23 45//23 47//23
f 43//24 48//24 46//24
f 46//24 48//24 49//24
f 49//24 48//24 50//24
f 50//24 48//24 43//24
f 44//25 51//26 43//26
f 43//26 51//26 50//26
f 50//26 51//26 52//25
f 52//25 51//26 44//25
f 47//27 53//27 44//27
f 44//27 53//27 52//27
f 52//27 53//27 54//27
f 54//27 53//27 47//27
f 52//28 55//28 50//28
f 50//28 55//28 49//28
f 49//28 55//28 54//28
f 54//28 55//28 52//28
f 46//29 56//29 47//29
f 47//29 56//29 54//29
f 54//29 56//29 49//29
f 49//29 56//29 46//29
o Cube_2_1
v -158.930298 126.370178 8.080933
v -150.687256 126.370178 8.080933
v -154.808792 126.370178 13.026767
v -158.930298 126.370178 17.972601
v -150.687256 126.370178 17.972601
v -158.930298 16.325363 13.026749
v -158.930298 -93.719452 17.972565
v -158.930298 -93.719452 8.080896
v -154.808792 16.325365 8.080914
v -150.687256 -93.719452 8.080896
v -150.687256 16.325363 13.026749
v -150.687256 -93.719452 17.972565
v -154.808792 -93.719452 13.026731
v -154.808792 16.325363 17.972584
vn 0.0000 1.0000 0.0000
vn -1.0000 0.0000 0.0000
vn 0.0000 0.0000 -1.0000
vn 1.0000 0.0000 0.0000
vn 0.0000 -1.0000 0.0000
vn 0.0000 -0.0000 1.0000
usemtl white
s 1
f 57//30 59//30 58//30
f 60//30 59//30 57//30
f 61//30 59//30 60//30
f 58//30 59//30 61//30
f 57//31 62//31 60//31
f 60//31 62//31 63//31
f 63//31 62//31 64//31
f 64//31 62//31 57//31
f 58//32 65//32 57//32
f 57//32 65//32 64//32
f 64//32 65//32 66//32
f 66//32 65//32 58//32
f 61//33 67//33 58//33
f 58//33 67//33 66//33
f 66//33 67//33 68//33
f 68//33 67//33 61//33
f 66//34 69//34 64//34
f 64//34 69//34 63//34
f 63//34 69//34 68//34
f 68//34 69//34 66//34
f 60//35 70//35 61//35
f 61//35 70//35 68//35
f 68//35 70//35 63//35
f 63//35 70//35 60//35
o Cube_2_3
v 57.914310 125.304886 -102.603188
v 60.948513 125.304886 -109.580849
v 63.966980 125.304886 -104.120285
v 66.985451 125.304886 -98.659103
v 70.019653 125.304886 -105.636765
v 62.449879 15.030403 -100.631165
v 66.985451 -95.243454 -98.659142
v 57.914310 -95.243454 -102.603226
v 59.431412 15.030404 -106.092346
v 60.948513 -95.243454 -109.580887
v 65.484085 15.030405 -107.608818
v 70.019653 -95.243454 -105.636803
v 63.966980 -95.243454 -104.120323
v 68.502548 15.030404 -102.147629
vn 0.0000 1.0000 0.0000
vn -0.3987 -0.0000 0.9171
vn -0.9170 0.0000 -0.3988
vn 0.3987 0.0000 -0.9171
vn 0.0000 -1.0000 -0.0000
vn 0.9170 0.0000 0.3988
usemtl white
s 1
f 71//36 73//36 72//36
f 74//36 73//36 71//36
f 75//36 73//36 74//36
f 72//36 73//36 75//36
f 71//37 76//37 74//37
f 74//37 76//37 77//37
f 77//37 76//37 78//37
f 78//37 76//37 71//37
f 72//38 79//38 71//38
f 71//38 79//38 78//38
f 78//38 79//38 80//38
f 80//38 79//38 72//38
f 75//39 81//39 72//39
f 72//39 81//39 80//39
f 80//39 81//39 82//39
f 82//39 81//39 75//39
f 80//40 83//40 78//40
f 78//40 83//40 77//40
f 77//40 83//40 82//40
f 82//40 83//40 80//40
f 74//41 84//41 75//41
f 75//41 84//41 82//41
f 82//41 84//41 77//41
f 77//41 84//41 74//41
o Cube_2_4
v 7.610270 123.897263 14.244348
v 10.644470 123.897263 7.266065
v 13.662939 123.897263 12.727247
v 16.682037 123.897263 18.188431
v 19.715609 123.897263 11.210777
v 12.145839 14.264598 16.216372
v 16.682037 -95.368057 18.188395
v 7.610270 -95.368057 14.244312
v 9.127371 14.264599 10.755189
v 10.644470 -95.368057 7.266029
v 15.180039 14.264600 9.238718
v 19.715609 -95.368057 11.210741
v 13.662939 -95.368057 12.727212
v 18.198509 14.264599 14.699271
vn 0.0000 1.0000 0.0000
vn -0.3987 0.0000 0.9171
vn -0.9171 0.0000 -0.3987
vn 0.3988 -0.0000 -0.9170
vn 0.0000 -1.0000 0.0000
vn 0.9171 -0.0000 0.3987
usemtl white
s 1
f 85//42 87//42 86//42
f 88//42 87//42 85//42
f 89//42 87//42 88//42
f 86//42 87//42 89//42
f 85//43 90//43 88//43
f 88//43 90//43 91//43
f 91//43 90//43 92//43
f 92//43 90//43 85//43
f 86//44 93//44 85//44
f 85//44 93//44 92//44
f 92//44 93//44 94//44
f 94//44 93//44 86//44
f 89//45 95//45 86//45
f 86//45 95//45 94//45
f 94//45 95//45 96//45
f 96//45 95//45 89//45
f 94//46 97//46 92//46
f 92//46 97//46 91//46
f 91//46 97//46 96//46
f 96//46 97//46 94//46
f 88//47 98//47 89//47
f 89//47 98//47 96//47
f 96//47 98//47 91//47
f 91//47 98//47 88//47
o Cube_3_1
v 87.790176 120.399948 -69.073952
v 89.735779 120.399948 -65.084572
v 86.540497 120.399948 -65.995087
v 83.345215 120.399948 -66.905594
v 85.290825 120.399948 -62.916206
v 85.567688 14.476666 -67.989792
v 83.345215 -91.446609 -66.905632
v 87.790176 -91.446609 -69.073990
v 88.762970 14.476666 -67.079285
v 89.735779 -91.446609 -65.084610
v 87.513306 14.476665 -64.000404
v 85.290825 -91.446609 -62.916245
v 86.540497 -91.446609 -65.995125
v 84.318024 14.476665 -64.910912
vn 0.0000 1.0000 0.0000
vn -0.4384 0.0000 -0.8988
vn 0.8988 0.0000 -0.4383
vn 0.4384 -0.0000 0.8988
vn 0.0000 -1.0000 0.0000
vn -0.8988 -0.0000 0.4383
usemtl white
s 1
f 99//48 101//48 100//48
f 102//48 101//48 99//48
f 103//48 101//48 102//48
f 100//48 101//48 103//48
f 99//49 104//49 102//49
f 102//49 104//49 105//49
f 105//49 104//49 106//49
f 106//49 104//49 99//49
f 100//50 107//50 99//50
f 99//50 107//50 106//50
f 106//50 107//50 108//50
f 108//50 107//50 100//50
f 103//51 109//51 100//51
f 100//51 109//51 108//51
f 108//51 109//51 110//51
f 110//51 109//51 103//51
f 108//52 111//52 106//52
f 106//52 111//52 105//52
f 105//52 111//52 110//52
f 110//52 111//52 108//52
f 102//53 112//53 103//53
f 103//53 112//53 110//53
f 110//53 112//53 105//53
f 105//53 112//53 102//53
o Cube_4_2
v 70.980499 71.707153 -104.366966
v 127.407059 71.707062 11.324661
v 96.971298 71.707077 -45.437279
v 66.534912 71.707153 -102.199226
v 122.961472 71.707062 13.492396
v 68.758026 69.234230 -103.282776
v 66.534912 66.761307 -102.199226
v 70.980499 66.761307 -104.366966
v 99.193771 69.234161 -46.521461
v 127.407059 66.761230 11.324660
v 125.184586 69.234146 12.408214
v 122.961472 66.761230 13.492395
v 96.971298 66.761238 -45.437279
v 94.748184 69.234154 -44.353096
vn 0.0000 1.0000 0.0000
vn -0.4384 -0.0001 -0.8988
vn -0.4383 0.0000 -0.8988
vn -0.4384 0.0003 -0.8988
vn -0.4382 0.0001 -0.8989
vn -0.4384 0.0001 -0.8988
vn 0.8988 0.0000 -0.4384
vn 0.4383 -0.0000 0.8988
vn 0.0000 -1.0000 -0.0000
vn -0.8988 0.0000 0.4384
usemtl white
s 1
f 113//54 115//54 114//54
f 116//54 115//54 113//54
f 117//54 115//54 116//54
f 114//54 115//54 117//54
f 113//55 118//56 116//57
f 116//57 118//56 119//58
f 119//58 118//56 120//59
f 120//59 118//56 113//55
f 114//60 121//60 113//60
f 113//60 121//60 120//60
f 120//60 121//60 122//60
f 122//60 121//60 114//60
f 117//61 123//61 114//61
f 114//61 123//61 122//61
f 122//61 123//61 124//61
f 124//61 123//61 117//61
f 122//62 125//62 120//62
f 120//62 125//62 119//62
f 119//62 125//62 124//62
f 124//62 125//62 122//62
f 116//63 126//63 117//63
f 117//63 126//63 124//63
f 124//63 126//63 119//63
f 119//63 126//63 116//63
o Cube_5_1
v 11.420324 20.859045 11.683320
v 62.999836 20.859064 -106.941193
v 39.478180 20.859055 -46.642914
v 15.956522 20.859045 13.655361
v 67.535408 20.859064 -104.968521
v 13.688109 18.386127 12.669340
v 15.956522 15.913210 13.655360
v 11.420324 15.913210 11.683319
v 37.210396 18.386137 -47.628937
v 62.999836 15.913229 -106.941193
v 65.267624 18.386147 -105.954544
v 67.535408 15.913229 -104.968521
v 39.478180 15.913219 -46.642914
v 41.745964 18.386137 -45.656891
vn -0.0000 1.0000 0.0000
vn -0.3987 0.0000 0.9171
vn -0.9171 -0.0000 -0.3987
vn -0.9171 -0.0000 -0.3988
vn 0.3988 -0.0001 -0.9170
vn 0.3988 0.0000 -0.9170
vn 0.3989 -0.0001 -0.9170
vn 0.3989 0.0001 -0.9170
vn 0.3988 0.0001 -0.9170
vn 0.0000 -1.0000 -0.0000
vn 0.9171 -0.0000 0.3987
usemtl white
s 1
f 127//64 129//64 128//64
f 130//64 129//64 127//64
f 131//64 129//64 130//64
f 128//64 129//64 131//64
f 127//65 132//65 130//65
f 130//65 132//65 133//65
f 133//65 132//65 134//65
f 134//65 132//65 127//65
f 128//66 135//66 127//67
f 127//67 135//66 134//67
f 134//67 135//66 136//66
f 136//66 135//66 128//66
f 131//68 137//69 128//70
f 128//70 137//69 136//71
f 136//71 137//69 138//72
f 138//72 137//69 131//68
f 136//73 139//73 134//73
f 134//73 139//73 133//73
f 133//73 139//73 138//73
f 138//73 139//73 136//73
f 130//74 140//74 131//74
f 131//74 140//74 138//74
f 138//74 140//74 133//74
f 133//74 140//74 130//74
o sweethome3d_window_pane1
v 69.352020 118.880341 -106.221329
v 126.056702 119.899063 10.035984
v 95.017517 119.400711 -46.781960
v 66.325691 118.902985 -104.513374
v 123.030365 119.921707 11.743933
v 66.673347 13.384310 -103.990051
v 66.342049 -92.111725 -102.671692
v 69.368385 -92.133743 -104.379570
v 97.712555 13.882659 -47.172112
v 126.072433 -91.115021 11.877108
v 123.377396 14.403032 12.266625
v 123.046097 -91.092987 13.584994
v 95.033234 -91.613373 -44.940834
v 94.686218 13.905313 -45.464226
vn 0.0020 1.0000 -0.0096
vn 0.0076 0.9999 -0.0125
vn 0.0019 1.0000 -0.0098
vn 0.0021 1.0000 -0.0097
vn 0.0020 0.9999 -0.0099
vn -0.4906 -0.0060 -0.8714
vn -0.6123 -0.0069 -0.7906
vn -0.4925 -0.0059 -0.8703
vn -0.4924 -0.0093 -0.8703
vn -0.4906 -0.0093 -0.8714
vn 0.8988 -0.0038 -0.4384
vn 0.4925 0.0059 0.8703
vn 0.6126 0.0069 0.7904
vn 0.4906 0.0060 0.8714
vn 0.4906 0.0093 0.8714
vn 0.4925 0.0093 0.8703
vn -0.0017 -1.0000 0.0097
vn -0.0070 -0.9999 0.0122
vn -0.0018 -1.0000 0.0095
vn -0.0019 -1.0000 0.0096
vn -0.0018 -1.0000 0.0098
vn -0.8988 0.0038 0.4384
usemtl Glass
s 1
f 141//75 143//76 142//77
f 144//78 143//76 141//75
f 145//79 143//76 144//78
f 142//77 143//76 145//79
f 141//80 146//81 144//82
f 144//82 146//81 147//83
f 147//83 146//81 148//84
f 148//84 146//81 141//80
f 142//85 149//85 141//85
f 141//85 149//85 148//85
f 148//85 149//85 150//85
f 150//85 149//85 142//85
f 145//86 151//87 142//88
f 142//88 151//87 150//89
f 150//89 151//87 152//90
f 152//90 151//87 145//86
f 150//91 153//92 148//93
f 148//93 153//92 147//94
f 147//94 153//92 152//95
f 152//95 153//92 150//91
f 144//96 154//96 145//96
f 145//96 154//96 152//96
f 152//96 154//96 147//96
f 147//96 154//96 144//96
o Cube_4_5
v 10.996216 124.307205 13.361523
v 63.070312 124.307297 -106.400658
v 39.301361 124.307220 -45.533546
v 15.532413 124.307205 15.333564
v 67.605881 124.307297 -104.427994
v 13.264629 120.872177 14.347543
v 15.532413 118.411209 15.333563
v 10.996216 118.411209 13.361522
v 37.033577 120.872192 -46.519569
v 63.070312 118.411240 -106.400658
v 65.338097 120.872269 -105.414642
v 67.605881 118.411240 -104.427994
v 39.301361 118.411224 -45.533546
v 41.569145 120.872192 -44.547523
vn 0.0000 1.0000 0.0000
vn -0.3987 -0.0000 0.9171
vn -0.9171 -0.0000 -0.3987
vn -0.9171 -0.0000 -0.3988
vn 0.3989 0.0001 -0.9170
vn 0.3988 -0.0000 -0.9170
vn 0.3988 0.0001 -0.9170
vn 0.3988 -0.0001 -0.9170
vn 0.3989 -0.0001 -0.9170
vn 0.0000 -1.0000 -0.0000
vn 0.9171 -0.0000 0.3987
usemtl white
s 1
f 155//97 157//97 156//97
f 158//97 157//97 155//97
f 159//97 157//97 158//97
f 156//97 157//97 159//97
f 155//98 160//98 158//98
f 158//98 160//98 161//98
f 161//98 160//98 162//98
f 162//98 160//98 155//98
f 156//99 163//99 155//100
f 155//100 163//99 162//100
f 162//100 163//99 164//99
f 164//99 163//99 156//99
f 159//101 165//102 156//103
f 156//103 165//102 164//104
f 164//104 165//102 166//105
f 166//105 165//102 159//101
f 164//106 167//106 162//106
f 162//106 167//106 161//106
f 161//106 167//106 166//106
f 166//106 167//106 164//106
f 158//107 168//107 159//107
f 159//107 168//107 166//107
f 166//107 168//107 161//107
f 161//107 168//107 158//107
o Cube_5
v 11.420324 -33.841187 11.683311
v 62.999836 -33.841106 -106.941200
v 39.478180 -33.841114 -46.642921
v 15.956522 -33.841187 13.655353
v 67.535408 -33.841106 -104.968529
v 13.688109 -36.314110 12.669332
v 15.956522 -38.787022 13.655352
v 11.420324 -38.787022 11.683311
v 37.210396 -36.314030 -47.628944
v 62.999836 -38.786938 -106.941200
v 65.267624 -36.314022 -105.954552
v 67.535408 -38.786938 -104.968529
v 39.478180 -38.787014 -46.642921
v 41.745964 -36.314030 -45.656906
vn -0.0000 1.0000 0.0000
vn -0.3987 0.0000 0.9171
vn -0.9171 -0.0000 -0.3987
vn -0.9171 -0.0000 -0.3988
vn 0.3988 -0.0001 -0.9170
vn 0.3988 0.0000 -0.9170
vn 0.3989 -0.0001 -0.9170
vn 0.3989 0.0001 -0.9170
vn 0.3988 0.0001 -0.9170
vn 0.0000 -1.0000 -0.0000
vn 0.9171 -0.0000 0.3987
usemtl white
s 1
f 169//108 171//108 170//108
f 172//108 171//108 169//108
f 173//108 171//108 172//108
f 170//108 171//108 173//108
f 169//109 174//109 172//109
f 172//109 174//109 175//109
f 175//109 174//109 176//109
f 176//109 174//109 169//109
f 170//110 177//110 169//111
f 169//111 177//110 176//111
f 176//111 177//110 178//110
f 178//110 177//110 170//110
f 173//112 179//113 170//114
f 170//114 179//113 178//115
f 178//115 179//113 180//116
f 180//116 179//113 173//112
f 178//117 181//117 176//117
f 176//117 181//117 175//117
f 175//117 181//117 180//117
f 180//117 181//117 178//117
f 172//118 182//118 173//118
f 173//118 182//118 180//118
f 180//118 182//118 175//118
f 175//118 182//118 172//118
o Cube_1_1
v -158.296036 126.136093 8.905238
v 127.674484 126.136093 8.905238
v -15.311089 126.136093 13.026767
v -158.296036 126.136093 17.148296
v 127.674484 126.136093 17.148296
v -158.296036 125.106033 13.026767
v -158.296036 124.075333 17.148294
v -158.296036 124.075333 8.905237
v -15.311089 125.106033 8.905238
v 127.674484 124.075333 8.905237
v 127.674484 125.106033 13.026767
v 127.674484 124.075333 17.148294
v -15.311089 124.075333 13.026767
v -15.311089 125.106033 17.148296
vn 0.0000 1.0000 -0.0000
vn -1.0000 0.0000 0.0000
vn -0.0000 0.0000 -1.0000
vn 1.0000 0.0000 0.0000
vn 0.0000 -1.0000 0.0000
vn 0.0000 -0.0000 1.0000
usemtl white
s 1
f 183//119 185//119 184//119
f 186//119 185//119 183//119
f 187//119 185//119 186//119
f 184//119 185//119 187//119
f 183//120 188//120 186//120
f 186//120 188//120 189//120
f 189//120 188//120 190//120
f 190//120 188//120 183//120
f 184//121 191//121 183//121
f 183//121 191//121 190//121
f 190//121 191//121 192//121
f 192//121 191//121 184//121
f 187//122 193//122 184//122
f 184//122 193//122 192//122
f 192//122 193//122 194//122
f 194//122 193//122 187//122
f 192//123 195//123 190//123
f 190//123 195//123 189//123
f 189//123 195//123 194//123
f 194//123 195//123 192//123
f 186//124 196//124 187//124
f 187//124 196//124 194//124
f 194//124 196//124 189//124
f 189//124 196//124 186//124
o Cube_1_2
v 71.407761 31.773249 -107.916519
v 73.082169 31.773249 -105.252937
v 70.913177 31.773249 -105.747528
v 68.744179 31.773249 -106.242104
v 70.418587 31.773249 -103.578529
v 70.076279 20.132292 -107.079628
v 68.744179 8.491333 -106.242104
v 71.407761 8.491333 -107.916519
v 72.245277 20.132292 -106.585045
v 73.082169 8.491333 -105.252937
v 71.750694 20.132290 -104.416054
v 70.418587 8.491333 -103.578529
v 70.913177 8.491333 -105.747528
v 69.581696 20.132290 -104.910629
vn 0.0000 1.0000 -0.0000
vn -0.5322 0.0000 -0.8466
vn 0.8466 0.0000 -0.5322
vn 0.5322 -0.0000 0.8466
vn 0.0000 -1.0000 0.0000
vn -0.8466 -0.0000 0.5322
usemtl white
s 1
f 197//125 199//125 198//125
f 200//125 199//125 197//125
f 201//125 199//125 200//125
f 198//125 199//125 201//125
f 197//126 202//126 200//126
f 200//126 202//126 203//126
f 203//126 202//126 204//126
f 204//126 202//126 197//126
f 198//127 205//127 197//127
f 197//127 205//127 204//127
f 204//127 205//127 206//127
f 206//127 205//127 198//127
f 201//128 207//128 198//128
f 198//128 207//128 206//128
f 206//128 207//128 208//128
f 208//128 207//128 201//128
f 206//129 209//129 204//129
f 204//129 209//129 203//129
f 203//129 209//129 208//129
f 208//129 209//129 206//129
f 200//130 210//130 201//130
f 201//130 210//130 208//130
f 208//130 210//130 203//130
f 203//130 210//130 200//130
o Cube_3
v 106.185974 122.759598 -30.823969
v 108.131577 122.759598 -26.834581
v 104.935669 122.759598 -27.745092
v 101.740387 122.759598 -28.655607
v 103.685989 122.759598 -24.666216
v 103.962860 16.836313 -29.739801
v 101.740387 -89.086960 -28.655642
v 106.185974 -89.086960 -30.824003
v 107.158783 16.836313 -28.829290
v 108.131577 -89.086960 -26.834616
v 105.908417 16.836313 -25.750414
v 103.685989 -89.086960 -24.666250
v 104.935669 -89.086960 -27.745127
v 102.713196 16.836313 -26.660925
vn 0.0000 1.0000 -0.0000
vn -0.4384 0.0000 -0.8988
vn 0.8988 0.0000 -0.4383
vn 0.4384 -0.0000 0.8988
vn 0.0000 -1.0000 0.0000
vn -0.8988 -0.0000 0.4383
usemtl white
s 1
f 211//131 213//131 212//131
f 214//131 213//131 211//131
f 215//131 213//131 214//131
f 212//131 213//131 215//131
f 211//132 216//132 214//132
f 214//132 216//132 217//132
f 217//132 216//132 218//132
f 218//132 216//132 211//132
f 212//133 219//133 211//133
f 211//133 219//133 218//133
f 218//133 219//133 220//133
f 220//133 219//133 212//133
f 215//134 221//134 212//134
f 212//134 221//134 220//134
f 220//134 221//134 222//134
f 222//134 221//134 215//134
f 220//135 223//135 218//135
f 218//135 223//135 217//135
f 217//135 223//135 222//135
f 222//135 223//135 220//135
f 214//136 224//136 215//136
f 215//136 224//136 222//136
f 222//136 224//136 217//136
f 217//136 224//136 214//136
o Cube_4_3
v 69.382858 -86.061066 -106.588829
v 126.631195 -86.061081 10.787264
v 95.569351 -86.061081 -46.711525
v 64.507492 -86.061066 -104.210930
v 121.755219 -86.061081 13.165165
v 66.945175 -90.212158 -105.399567
v 64.507492 -94.363266 -104.210938
v 69.382858 -94.363266 -106.588837
v 98.007034 -90.212173 -47.900787
v 126.631195 -94.363281 10.787262
v 124.193527 -90.212173 11.976528
v 121.755219 -94.363281 13.165164
v 95.569351 -94.363281 -46.711525
v 93.131668 -90.212173 -45.522881
vn 0.0000 1.0000 0.0000
vn -0.4384 -0.0000 -0.8988
vn -0.4383 -0.0000 -0.8988
vn 0.8988 0.0000 -0.4384
vn 0.4383 0.0001 0.8988
vn 0.4383 0.0000 0.8988
vn 0.4384 0.0001 0.8988
vn 0.4384 -0.0001 0.8988
vn 0.4383 -0.0001 0.8988
vn 0.0000 -1.0000 -0.0000
vn -0.8988 -0.0000 0.4384
usemtl white
s 1
f 225//137 227//137 226//137
f 228//137 227//137 225//137
f 229//137 227//137 228//137
f 226//137 227//137 229//137
f 225//138 230//138 228//139
f 228//139 230//138 231//139
f 231//139 230//138 232//138
f 232//138 230//138 225//138
f 226//140 233//140 225//140
f 225//140 233//140 232//140
f 232//140 233//140 234//140
f 234//140 233//140 226//140
f 229//141 235//142 226//143
f 226//143 235//142 234//144
f 234//144 235//142 236//145
f 236//145 235//142 229//141
f 234//146 237//146 232//146
f 232//146 237//146 231//146
f 231//146 237//146 236//146
f 236//146 237//146 234//146
f 228//147 238//147 229//147
f 229//147 238//147 236//147
f 236//147 238//147 231//147
f 231//147 238//147 228//147
o Cube_2_2
v 67.907288 125.606293 -109.694107
v 71.711685 125.606293 -103.104691
v 65.526245 125.606293 -103.926483
v 59.340801 125.606293 -104.748276
v 63.145195 125.606293 -98.158867
v 63.624043 15.973638 -107.221207
v 59.340801 -93.659027 -104.748314
v 67.907288 -93.659027 -109.694145
v 69.809486 15.973637 -106.399422
v 71.711685 -93.659027 -103.104729
v 67.428436 15.973636 -100.631790
v 63.145195 -93.659027 -98.158905
v 65.526245 -93.659027 -103.926521
v 61.242996 15.973637 -101.453583
vn 0.0000 1.0000 0.0000
vn -0.5000 0.0000 -0.8660
vn 0.8660 0.0000 -0.5000
vn 0.5000 -0.0000 0.8660
vn 0.0000 -1.0000 -0.0000
vn -0.8660 -0.0000 0.5000
usemtl white
s 1
f 239//148 241//148 240//148
f 242//148 241//148 239//148
f 243//148 241//148 242//148
f 240//148 241//148 243//148
f 239//149 244//149 242//149
f 242//149 244//149 245//149
f 245//149 244//149 246//149
f 246//149 244//149 239//149
f 240//150 247//150 239//150
f 239//150 247//150 246//150
f 246//150 247//150 248//150
f 248//150 247//150 240//150
f 243//151 249//151 240//151
f 240//151 249//151 248//151
f 248//151 249//151 250//151
f 250//151 249//151 243//151
f 248//152 251//152 246//152
f 246//152 251//152 245//152
f 245//152 251//152 250//152
f 250//152 251//152 248//152
f 242//153 252//153 243//153
f 243//153 252//153 250//153
f 250//153 252//153 245//153
f 245//153 252//153 242//153
o Cube_5_2
v 11.420324 71.640045 11.683329
v 62.999836 71.640137 -106.941185
v 39.478180 71.640060 -46.642906
v 15.956522 71.640045 13.655370
v 67.535408 71.640137 -104.968513
v 13.688109 69.167137 12.669349
v 15.956522 66.694214 13.655369
v 11.420324 66.694214 11.683328
v 37.210396 69.167145 -47.628929
v 62.999836 66.694305 -106.941185
v 65.267624 69.167213 -105.954536
v 67.535408 66.694305 -104.968513
v 39.478180 66.694229 -46.642906
v 41.745964 69.167145 -45.656883
vn 0.0000 1.0000 0.0000
vn -0.3987 0.0000 0.9171
vn -0.9171 -0.0000 -0.3987
vn -0.9171 0.0000 -0.3988
vn 0.3988 -0.0001 -0.9170
vn 0.3988 0.0000 -0.9170
vn 0.3989 -0.0001 -0.9170
vn 0.3989 0.0001 -0.9170
vn 0.3988 0.0001 -0.9170
vn 0.0000 -1.0000 -0.0000
vn 0.9171 -0.0000 0.3987
usemtl white
s 1
f 253//154 255//154 254//154
f 256//154 255//154 253//154
f 257//154 255//154 256//154
f 254//154 255//154 257//154
f 253//155 258//155 256//155
f 256//155 258//155 259//155
f 259//155 258//155 260//155
f 260//155 258//155 253//155
f 254//156 261//157 253//157
f 253//157 261//157 260//157
f 260//157 261//157 262//156
f 262//156 261//157 254//156
f 257//158 263//159 254//160
f 254//160 263//159 262//161
f 262//161 263//159 264//162
f 264//162 263//159 257//158
f 262//163 265//163 260//163
f 260//163 265//163 259//163
f 259//163 265//163 264//163
f 264//163 265//163 262//163
f 256//164 266//164 257//164
f 257//164 266//164 264//164
f 264//164 266//164 259//164
f 259//164 266//164 256//164
o sweethome3d_window_pane2
v 11.884705 120.222488 13.020473
v 63.464218 120.222519 -105.603409
v 38.214226 120.222504 -46.027817
v 15.165755 120.222488 14.476222
v 66.745270 120.222519 -104.147659
v 12.424152 14.711360 13.284423
v 15.165755 -90.799774 14.476126
v 11.884705 -90.799774 13.020439
v 37.674774 14.711370 -46.291176
v 63.464218 -90.799744 -105.603447
v 64.003662 14.711379 -105.340088
v 66.745270 -90.799744 -104.147766
v 38.214226 -90.799759 -46.027916
v 40.955196 14.711370 -44.836052
vn -0.0000 1.0000 0.0000
vn -0.4057 0.0002 0.9140
vn -0.4192 -0.0000 0.9079
vn -0.4054 0.0002 0.9141
vn -0.4054 -0.0002 0.9141
vn -0.4057 -0.0002 0.9140
vn -0.9171 -0.0000 -0.3987
vn -0.9171 0.0000 -0.3988
vn 0.4054 -0.0002 -0.9141
vn 0.4189 0.0000 -0.9081
vn 0.4057 -0.0002 -0.9140
vn 0.4057 0.0002 -0.9140
vn 0.4054 0.0002 -0.9141
vn 0.0000 -1.0000 -0.0000
vn 0.9171 -0.0000 0.3987
vn 0.9171 -0.0000 0.3988
usemtl Glass
s 1
f 267//165 269//165 268//165
f 270//165 269//165 267//165
f 271//165 269//165 270//165
f 268//165 269//165 271//165
f 267//166 272//167 270//168
f 270//168 272//167 273//169
f 273//169 272//167 274//170
f 274//170 272//167 267//166
f 268//171 275//172 267//172
f 267//172 275//172 274//172
f 274//172 275//172 276//171
f 276//171 275//172 268//171
f 271//173 277//174 268//175
f 268//175 277//174 276//176
f 276//176 277//174 278//177
f 278//177 277//174 271//173
f 276//178 279//178 274//178
f 274//178 279//178 273//178
f 273//178 279//178 278//178
f 278//178 279//178 276//178
f 270//179 280//180 271//180
f 271//180 280//180 278//180
f 278//180 280//180 273//179
f 273//179 280//180 270//179
o Cube_2
v 120.255737 126.123322 8.080933
v 127.864517 126.123322 8.080933
v 124.060135 126.123322 13.026767
v 120.255737 126.123322 17.972601
v 127.864517 126.123322 17.972601
v 120.255737 14.627042 13.026749
v 120.255737 -93.769165 17.972565
v 120.255737 -93.769165 8.080896
v 124.060135 14.627043 8.080914
v 127.864517 -93.769165 8.080896
v 127.864517 14.627042 13.026749
v 127.864517 -93.769165 17.972565
v 124.060135 -93.769165 13.026731
v 124.060135 14.627041 17.972584
vn 0.0000 1.0000 -0.0000
vn -1.0000 0.0000 0.0000
vn -0.0000 0.0000 -1.0000
vn 1.0000 0.0000 0.0000
vn 0.0000 -1.0000 -0.0000
vn 0.0000 -0.0000 1.0000
usemtl white
s 1
f 281//181 283//181 282//181
f 284//181 283//181 281//181
f 285//181 283//181 284//181
f 282//181 283//181 285//181
f 281//182 286//182 284//182
f 284//182 286//182 287//182
f 287//182 286//182 288//182
f 288//182 286//182 281//182
f 282//183 289//183 281//183
f 281//183 289//183 288//183
f 288//183 289//183 290//183
f 290//183 289//183 282//183
f 285//184 291//184 282//184
f 282//184 291//184 290//184
f 290//184 291//184 292//184
f 292//184 291//184 285//184
f 290//185 293//185 288//185
f 288//185 293//185 287//185
f 287//185 293//185 292//185
f 292//185 293//185 290//185
f 284//186 294//186 285//186
f 285//186 294//186 292//186
f 292//186 294//186 287//186
f 287//186 294//186 284//186
o Cube_4_1
v 70.459488 20.791168 -105.723610
v 126.886047 20.791149 9.968009
v 96.450287 20.791159 -46.793930
v 66.013901 20.791168 -103.555252
v 122.440460 20.791149 12.135744
v 68.237015 18.318253 -104.639427
v 66.013901 15.845335 -103.555252
v 70.459488 15.845335 -105.723610
v 98.672775 18.318241 -47.877487
v 126.886047 15.845317 9.968008
v 124.663559 18.318233 11.052191
v 122.440460 15.845316 12.135744
v 96.450287 15.845325 -46.793930
v 94.227188 18.318241 -45.709747
vn 0.0000 1.0000 0.0000
vn -0.4384 -0.0000 -0.8988
vn 0.8988 -0.0000 -0.4384
vn 0.4382 0.0001 0.8989
vn 0.4383 0.0000 0.8988
vn 0.4384 0.0001 0.8988
vn 0.4384 -0.0001 0.8988
vn 0.4382 -0.0001 0.8989
vn 0.0000 -1.0000 -0.0000
vn -0.8988 0.0000 0.4384
usemtl white
s 1
f 295//187 297//187 296//187
f 298//187 297//187 295//187
f 299//187 297//187 298//187
f 296//187 297//187 299//187
f 295//188 300//188 298//188
f 298//188 300//188 301//188
f 301//188 300//188 302//188
f 302//188 300//188 295//188
f 296//189 303//189 295//189
f 295//189 303//189 302//189
f 302//189 303//189 304//189
f 304//189 303//189 296//189
f 299//190 305//191 296//192
f 296//192 305//191 304//193
f 304//193 305//191 306//194
f 306//194 305//191 299//190
f 304//195 307//195 302//195
f 302//195 307//195 301//195
f 301//195 307//195 306//195
f 306//195 307//195 304//195
f 298//196 308//196 299//196
f 299//196 308//196 306//196
f 306//196 308//196 301//196
f 301//196 308//196 298//196
o Cube_4_6
v 11.826184 -85.785980 11.167325
v 63.900280 -85.785950 -108.594223
v 40.130703 -85.785965 -47.727119
v 16.361753 -85.785980 13.139366
v 68.435852 -85.785950 -106.622177
v 14.093969 -90.422852 12.153345
v 16.361753 -95.059723 13.139365
v 11.826184 -95.059723 11.167324
v 37.862919 -90.422836 -48.713135
v 63.900280 -95.059708 -108.594231
v 66.168060 -90.422821 -107.608208
v 68.435852 -95.059708 -106.622185
v 40.130703 -95.059723 -47.727119
v 42.398487 -90.422836 -46.741096
vn -0.0000 1.0000 0.0000
vn -0.3987 -0.0000 0.9171
vn -0.9171 0.0000 -0.3988
vn -0.9171 0.0000 -0.3987
vn 0.3987 0.0000 -0.9171
vn 0.0000 -1.0000 -0.0000
vn 0.9171 -0.0000 0.3987
vn 0.9171 -0.0000 0.3988
usemtl white
s 1
f 309//197 311//197 310//197
f 312//197 311//197 309//197
f 313//197 311//197 312//197
f 310//197 311//197 313//197
f 309//198 314//198 312//198
f 312//198 314//198 315//198
f 315//198 314//198 316//198
f 316//198 314//198 309//198
f 310//199 317//199 309//200
f 309//200 317//199 316//200
f 316//200 317//199 318//199
f 318//199 317//199 310//199
f 313//201 319//201 310//201
f 310//201 319//201 318//201
f 318//201 319//201 320//201
f 320//201 319//201 313//201
f 318//202 321//202 316//202
f 316//202 321//202 315//202
f 315//202 321//202 320//202
f 320//202 321//202 318//202
f 312//203 322//204 313//204
f 313//204 322//204 320//204
f 320//204 322//204 315//203
f 315//203 322//204 312//203
o Cube_2_5
v 125.153122 124.721558 7.104351
v 128.488724 124.721558 13.942942
v 122.375656 124.721558 12.692010
v 116.262573 124.721558 11.440450
v 119.598175 124.721558 18.279671
v 120.707535 17.149670 9.272068
v 116.262573 -90.422226 11.440414
v 125.153122 -90.422226 7.104315
v 126.820602 17.149670 10.523628
v 128.488724 -90.422226 13.942906
v 124.043137 17.149670 16.111288
v 119.598175 -90.422226 18.279636
v 122.375656 -90.422226 12.691976
v 117.930054 17.149670 14.859728
vn 0.0000 1.0000 -0.0000
vn -0.4384 0.0000 -0.8988
vn 0.8988 -0.0000 -0.4384
vn 0.4384 -0.0000 0.8988
vn 0.0000 -1.0000 -0.0000
vn -0.8988 0.0000 0.4384
usemtl white
s 1
f 323//205 325//205 324//205
f 326//205 325//205 323//205
f 327//205 325//205 326//205
f 324//205 325//205 327//205
f 323//206 328//206 326//206
f 326//206 328//206 329//206
f 329//206 328//206 330//206
f 330//206 328//206 323//206
f 324//207 331//207 323//207
f 323//207 331//207 330//207
f 330//207 331//207 332//207
f 332//207 331//207 324//207
f 327//208 333//208 324//208
f 324//208 333//208 332//208
f 332//208 333//208 334//208
f 334//208 333//208 327//208
f 332//209 335//209 330//209
f 330//209 335//209 329//209
f 329//209 335//209 334//209
f 334//209 335//209 332//209
f 326//210 336//210 327//210
f 327//210 336//210 334//210
f 334//210 336//210 329//210
f 329//210 336//210 326//210
o Cube_1
v -158.924332 -87.125000 8.905203
v 128.409622 -87.125000 8.905203
v -14.575951 -87.125000 13.026732
v -158.924332 -87.125000 17.148260
v 128.409622 -87.125000 17.148260
v -158.924332 -91.246521 13.026731
v -158.924332 -95.368057 17.148258
v -158.924332 -95.368057 8.905202
v -14.575951 -91.246521 8.905203
v 128.409622 -95.368057 8.905202
v 128.409622 -91.246521 13.026731
v 128.409622 -95.368057 17.148258
v -14.575951 -95.368057 13.026731
v -14.575951 -91.246521 17.148260
vn 0.0000 1.0000 0.0000
vn -1.0000 0.0000 0.0000
vn 0.0000 0.0000 -1.0000
vn 1.0000 0.0000 0.0000
vn 0.0000 -1.0000 -0.0000
vn 0.0000 -0.0000 1.0000
usemtl white
s 1
f 337//211 339//211 338//211
f 340//211 339//211 337//211
f 341//211 339//211 340//211
f 338//211 339//211 341//211
f 337//212 342//212 340//212
f 340//212 342//212 343//212
f 343//212 342//212 344//212
f 344//212 342//212 337//212
f 338//213 345//213 337//213
f 337//213 345//213 344//213
f 344//213 345//213 346//213
f 346//213 345//213 338//213
f 341//214 347//214 338//214
f 338//214 347//214 346//214
f 346//214 347//214 348//214
f 348//214 347//214 341//214
f 346//215 349//215 344//215
f 344//215 349//215 343//215
f 343//215 349//215 348//215
f 348//215 349//215 346//215
f 340//216 350//216 341//216
f 341//216 350//216 348//216
f 348//216 350//216 343//216
f 343//216 350//216 340//216
